# Blender v2.79 (sub 0) OBJ File: ''
# www.blender.org
mtllib locationgrid.mtl
o Cube.1000_Cube.003
v 0.939697 0.506367 -1.042408
v 0.951847 0.510336 -1.076201
v 0.939024 0.524365 -1.040537
v 0.951174 0.528334 -1.074330
v 0.922657 0.506367 -1.048535
v 0.934807 0.510336 -1.082328
v 0.921984 0.524365 -1.046663
v 0.934134 0.528334 -1.080456
vn 0.9410 -0.0000 0.3383
vn -0.0372 0.9939 0.1034
vn -0.9410 0.0000 -0.3383
vn 0.0372 -0.9939 -0.1034
vn -0.3363 -0.1099 0.9353
vn 0.3363 0.1098 -0.9353
usemtl None
s off
f 1//1 2//1 4//1 3//1
f 3//2 4//2 8//2 7//2
f 7//3 8//3 6//3 5//3
f 5//4 6//4 2//4 1//4
f 3//5 7//5 5//5 1//5
f 8//6 4//6 2//6 6//6
o Cube.999_Cube.004
v 0.802294 0.495072 -0.977188
v 0.814979 0.499151 -1.010771
v 0.801572 0.513064 -0.975275
v 0.814256 0.517143 -1.008858
v 0.785355 0.495072 -0.983586
v 0.798039 0.499151 -1.017169
v 0.784633 0.513064 -0.981673
v 0.797317 0.517143 -1.015256
vn 0.9355 -0.0000 0.3533
vn -0.0399 0.9936 0.1056
vn -0.9355 0.0000 -0.3533
vn 0.0399 -0.9936 -0.1056
vn -0.3511 -0.1129 0.9295
vn 0.3511 0.1129 -0.9295
usemtl None
s off
f 9//7 10//7 12//7 11//7
f 11//8 12//8 16//8 15//8
f 15//9 16//9 14//9 13//9
f 13//10 14//10 10//10 9//10
f 11//11 15//11 13//11 9//11
f 16//12 12//12 10//12 14//12
o Cube.998_Cube.005
v 0.875405 0.502464 -1.025617
v 0.888060 0.506441 -1.059223
v 0.874703 0.520461 -1.023751
v 0.887358 0.524439 -1.057357
v 0.858459 0.502464 -1.031998
v 0.871115 0.506441 -1.065604
v 0.857757 0.520461 -1.030132
v 0.870412 0.524439 -1.063738
vn 0.9358 0.0000 0.3524
vn -0.0388 0.9939 0.1030
vn -0.9358 -0.0000 -0.3524
vn 0.0388 -0.9939 -0.1030
vn -0.3503 -0.1101 0.9302
vn 0.3503 0.1101 -0.9302
usemtl None
s off
f 17//13 18//13 20//13 19//13
f 19//14 20//14 24//14 23//14
f 23//15 24//15 22//15 21//15
f 21//16 22//16 18//16 17//16
f 19//17 23//17 21//17 17//17
f 24//18 20//18 18//18 22//18
o Cube.997_Cube.006
v 1.008833 0.505682 -1.012442
v 1.018553 0.510308 -1.046930
v 1.008204 0.523641 -1.010210
v 1.017924 0.528266 -1.044699
v 0.991404 0.505682 -1.017353
v 1.001124 0.510308 -1.051842
v 0.990776 0.523641 -1.015122
v 1.000495 0.528266 -1.049611
vn 0.9625 0.0000 0.2713
vn -0.0347 0.9918 0.1232
vn -0.9625 0.0000 -0.2713
vn 0.0347 -0.9918 -0.1232
vn -0.2690 -0.1280 0.9546
vn 0.2690 0.1280 -0.9546
usemtl None
s off
f 25//19 26//19 28//19 27//19
f 27//20 28//20 32//20 31//20
f 31//21 32//21 30//21 29//21
f 29//22 30//22 26//22 25//22
f 27//23 31//23 29//23 25//23
f 32//24 28//24 26//24 30//24
o Cube.996_Cube.007
v 0.699106 0.494857 -1.011053
v 0.713420 0.498825 -1.043988
v 0.698313 0.512855 -1.009229
v 0.712627 0.516823 -1.042164
v 0.682499 0.494857 -1.018270
v 0.696813 0.498825 -1.051205
v 0.681706 0.512855 -1.016447
v 0.696021 0.516823 -1.049381
vn 0.9171 0.0000 0.3986
vn -0.0438 0.9940 0.1007
vn -0.9171 0.0000 -0.3986
vn 0.0438 -0.9940 -0.1007
vn -0.3962 -0.1098 0.9116
vn 0.3962 0.1098 -0.9116
usemtl None
s off
f 33//25 34//25 36//25 35//25
f 35//26 36//26 40//26 39//26
f 39//27 40//27 38//27 37//27
f 37//28 38//28 34//28 33//28
f 35//29 39//29 37//29 33//29
f 40//30 36//30 34//30 38//30
o Cube.995_Cube.008
v 0.633022 0.482235 -0.914468
v 0.652760 0.487150 -0.944328
v 0.631664 0.500174 -0.912413
v 0.651401 0.505089 -0.942273
v 0.617916 0.482235 -0.924452
v 0.637654 0.487150 -0.954312
v 0.616558 0.500174 -0.922398
v 0.636296 0.505089 -0.952258
vn 0.8342 0.0000 0.5514
vn -0.0750 0.9907 0.1135
vn -0.8342 0.0000 -0.5514
vn 0.0750 -0.9907 -0.1135
vn -0.5463 -0.1360 0.8265
vn 0.5463 0.1360 -0.8265
usemtl None
s off
f 41//31 42//31 44//31 43//31
f 43//32 44//32 48//32 47//32
f 47//33 48//33 46//33 45//33
f 45//34 46//34 42//34 41//34
f 43//35 47//35 45//35 41//35
f 48//36 44//36 42//36 46//36
o Cube.994_Cube.009
v 0.734317 0.486459 -0.921718
v 0.744547 0.491149 -0.956050
v 0.733646 0.504413 -0.919465
v 0.743876 0.509103 -0.953798
v 0.716964 0.486459 -0.926889
v 0.727194 0.491149 -0.961221
v 0.716293 0.504413 -0.924636
v 0.726523 0.509103 -0.958968
vn 0.9584 0.0000 0.2856
vn -0.0371 0.9915 0.1244
vn -0.9584 0.0000 -0.2856
vn 0.0371 -0.9915 -0.1244
vn -0.2831 -0.1298 0.9503
vn 0.2831 0.1298 -0.9503
usemtl None
s off
f 49//37 50//37 52//37 51//37
f 51//38 52//38 56//38 55//38
f 55//39 56//39 54//39 53//39
f 53//40 54//40 50//40 49//40
f 51//41 55//41 53//41 49//41
f 56//42 52//42 50//42 54//42
o Cube.993_Cube.010
v 0.909986 0.501665 -1.006651
v 0.921382 0.505867 -1.040678
v 0.909317 0.519650 -1.004655
v 0.920714 0.523852 -1.038681
v 0.892816 0.501665 -1.012402
v 0.904212 0.505867 -1.046429
v 0.892147 0.519650 -1.010405
v 0.903544 0.523852 -1.044432
vn 0.9482 0.0000 0.3176
vn -0.0369 0.9932 0.1103
vn -0.9482 0.0000 -0.3176
vn 0.0369 -0.9932 -0.1103
vn -0.3154 -0.1163 0.9418
vn 0.3154 0.1163 -0.9418
usemtl None
s off
f 57//43 58//43 60//43 59//43
f 59//44 60//44 64//44 63//44
f 63//45 64//45 62//45 61//45
f 61//46 62//46 58//46 57//46
f 59//47 63//47 61//47 57//47
f 64//48 60//48 58//48 62//48
o Cube.992_Cube.011
v 0.650547 0.499494 -1.078691
v 0.670464 0.503677 -1.108543
v 0.649383 0.517480 -1.076947
v 0.669300 0.521663 -1.106799
v 0.635484 0.499494 -1.088741
v 0.655401 0.503677 -1.118593
v 0.634320 0.517480 -1.086997
v 0.654237 0.521663 -1.116849
vn 0.8319 0.0000 0.5550
vn -0.0643 0.9933 0.0963
vn -0.8319 -0.0000 -0.5550
vn 0.0643 -0.9933 -0.0963
vn -0.5513 -0.1158 0.8263
vn 0.5513 0.1158 -0.8263
usemtl None
s off
f 65//49 66//49 68//49 67//49
f 67//50 68//50 72//50 71//50
f 71//51 72//51 70//51 69//51
f 69//52 70//52 66//52 65//52
f 67//53 71//53 69//53 65//53
f 72//54 68//54 66//54 70//54
o Cube.991_Cube.012
v 0.645862 0.493812 -1.023211
v 0.666076 0.498144 -1.052842
v 0.644638 0.511788 -1.021417
v 0.664852 0.516121 -1.051048
v 0.630904 0.493812 -1.033415
v 0.651117 0.498144 -1.063046
v 0.629680 0.511788 -1.031621
v 0.649894 0.516121 -1.061252
vn 0.8261 0.0000 0.5635
vn -0.0676 0.9928 0.0991
vn -0.8261 0.0000 -0.5635
vn 0.0676 -0.9928 -0.0991
vn -0.5595 -0.1199 0.8201
vn 0.5595 0.1199 -0.8201
usemtl None
s off
f 73//55 74//55 76//55 75//55
f 75//56 76//56 80//56 79//56
f 79//57 80//57 78//57 77//57
f 77//58 78//58 74//58 73//58
f 75//59 79//59 77//59 73//59
f 80//60 76//60 74//60 78//60
o Cube.990_Cube.013
v 0.627707 0.486039 -0.953470
v 0.650258 0.490819 -0.981290
v 0.626199 0.503988 -0.951609
v 0.648749 0.508767 -0.979429
v 0.613641 0.486039 -0.964872
v 0.636191 0.490819 -0.992692
v 0.612132 0.503988 -0.963011
v 0.634683 0.508767 -0.990831
vn 0.7768 -0.0000 0.6297
vn -0.0833 0.9912 0.1028
vn -0.7768 0.0000 -0.6297
vn 0.0833 -0.9912 -0.1028
vn -0.6242 -0.1323 0.7700
vn 0.6242 0.1323 -0.7700
usemtl None
s off
f 81//61 82//61 84//61 83//61
f 83//62 84//62 88//62 87//62
f 87//63 88//63 86//63 85//63
f 85//64 86//64 82//64 81//64
f 83//65 87//65 85//65 81//65
f 88//66 84//66 82//66 86//66
o Cube.989_Cube.014
v 0.704125 0.486010 -0.924855
v 0.715670 0.490444 -0.958802
v 0.703409 0.503981 -0.922751
v 0.714955 0.508415 -0.956698
v 0.686982 0.486010 -0.930685
v 0.698527 0.490444 -0.964632
v 0.686266 0.503981 -0.928582
v 0.697812 0.508415 -0.962528
vn 0.9467 -0.0000 0.3220
vn -0.0395 0.9924 0.1162
vn -0.9467 0.0000 -0.3220
vn 0.0395 -0.9924 -0.1162
vn -0.3196 -0.1227 0.9396
vn 0.3196 0.1227 -0.9396
usemtl None
s off
f 89//67 90//67 92//67 91//67
f 91//68 92//68 96//68 95//68
f 95//69 96//69 94//69 93//69
f 93//70 94//70 90//70 89//70
f 91//71 95//71 93//71 89//71
f 96//72 92//72 90//72 94//72
o Cube.988_Cube.015
v 1.077215 0.513801 -1.068311
v 1.088025 0.517906 -1.102540
v 1.076596 0.531791 -1.066349
v 1.087406 0.535896 -1.100578
v 1.059948 0.513801 -1.073764
v 1.070758 0.517906 -1.107993
v 1.059329 0.531791 -1.071802
v 1.070139 0.535896 -1.106031
vn 0.9536 -0.0000 0.3012
vn -0.0342 0.9935 0.1083
vn -0.9536 0.0000 -0.3012
vn 0.0342 -0.9935 -0.1083
vn -0.2992 -0.1136 0.9474
vn 0.2992 0.1136 -0.9474
usemtl None
s off
f 97//73 98//73 100//73 99//73
f 99//74 100//74 104//74 103//74
f 103//75 104//75 102//75 101//75
f 101//76 102//76 98//76 97//76
f 99//77 103//77 101//77 97//77
f 104//78 100//78 98//78 102//78
o Cube.987_Cube.016
v 0.755110 0.502543 -1.069166
v 0.769415 0.506449 -1.102112
v 0.754330 0.520544 -1.067370
v 0.768635 0.524450 -1.100316
v 0.738501 0.502543 -1.076377
v 0.752805 0.506449 -1.109323
v 0.737721 0.520544 -1.074582
v 0.752026 0.524450 -1.107528
vn 0.9173 0.0000 0.3983
vn -0.0431 0.9941 0.0992
vn -0.9173 0.0000 -0.3983
vn 0.0431 -0.9941 -0.0992
vn -0.3959 -0.1081 0.9119
vn 0.3959 0.1081 -0.9119
usemtl None
s off
f 105//79 106//79 108//79 107//79
f 107//80 108//80 112//80 111//80
f 111//81 112//81 110//81 109//81
f 109//82 110//82 106//82 105//82
f 107//83 111//83 109//83 105//83
f 112//84 108//84 106//84 110//84
o Cube.986_Cube.017
v 0.785036 0.503247 -1.065678
v 0.798999 0.507161 -1.098770
v 0.784273 0.521248 -1.063871
v 0.798236 0.525161 -1.096962
v 0.768353 0.503247 -1.072718
v 0.782315 0.507161 -1.105809
v 0.767590 0.521248 -1.070910
v 0.781553 0.525162 -1.104002
vn 0.9213 -0.0000 0.3888
vn -0.0421 0.9941 0.0998
vn -0.9213 0.0000 -0.3888
vn 0.0421 -0.9941 -0.0998
vn -0.3865 -0.1083 0.9159
vn 0.3865 0.1083 -0.9159
usemtl None
s off
f 113//85 114//85 116//85 115//85
f 115//86 116//86 120//86 119//86
f 119//87 120//87 118//87 117//87
f 117//88 118//88 114//88 113//88
f 115//89 119//89 117//89 113//89
f 120//90 116//90 114//90 118//90
o Cube.985_Cube.018
v 0.772293 0.494419 -0.980590
v 0.785579 0.498434 -1.013947
v 0.771548 0.512414 -0.978721
v 0.784834 0.516429 -1.012078
v 0.755470 0.494419 -0.987290
v 0.768756 0.498434 -1.020648
v 0.754726 0.512414 -0.985421
v 0.768012 0.516429 -1.018778
vn 0.9290 -0.0000 0.3700
vn -0.0411 0.9938 0.1032
vn -0.9290 -0.0000 -0.3700
vn 0.0411 -0.9938 -0.1032
vn -0.3677 -0.1111 0.9233
vn 0.3677 0.1111 -0.9233
usemtl None
s off
f 121//91 122//91 124//91 123//91
f 123//92 124//92 128//92 127//92
f 127//93 128//93 126//93 125//93
f 125//94 126//94 122//94 121//94
f 123//95 127//95 125//95 121//95
f 128//96 124//96 122//96 126//96
o Cube.984_Cube.019
v 1.116116 0.514200 -1.057234
v 1.126104 0.518644 -1.091670
v 1.115495 0.532170 -1.055095
v 1.125484 0.536614 -1.089530
v 1.098725 0.514200 -1.062278
v 1.108714 0.518644 -1.096714
v 1.098104 0.532170 -1.060139
v 1.108093 0.536614 -1.094575
vn 0.9604 -0.0000 0.2786
vn -0.0343 0.9924 0.1181
vn -0.9604 -0.0000 -0.2786
vn 0.0343 -0.9924 -0.1181
vn -0.2765 -0.1230 0.9531
vn 0.2765 0.1230 -0.9531
usemtl None
s off
f 129//97 130//97 132//97 131//97
f 131//98 132//98 136//98 135//98
f 135//99 136//99 134//99 133//99
f 133//100 134//100 130//100 129//100
f 131//101 135//101 133//101 129//101
f 136//102 132//102 130//102 134//102
o Cube.983_Cube.020
v 0.823855 0.501942 -1.038638
v 0.837160 0.505894 -1.071994
v 0.823121 0.519941 -1.036798
v 0.836426 0.523893 -1.070155
v 0.807036 0.501942 -1.045346
v 0.820341 0.505894 -1.078703
v 0.806302 0.519941 -1.043507
v 0.819607 0.523893 -1.076863
vn 0.9288 0.0000 0.3705
vn -0.0405 0.9940 0.1016
vn -0.9288 0.0000 -0.3705
vn 0.0405 -0.9940 -0.1016
vn -0.3683 -0.1094 0.9233
vn 0.3683 0.1094 -0.9233
usemtl None
s off
f 137//103 138//103 140//103 139//103
f 139//104 140//104 144//104 143//104
f 143//105 144//105 142//105 141//105
f 141//106 142//106 138//106 137//106
f 139//107 143//107 141//107 137//107
f 144//108 140//108 138//108 142//108
o Cube.982_Cube.021
v 0.686368 0.494586 -1.012831
v 0.700828 0.498551 -1.045702
v 0.685568 0.512584 -1.011012
v 0.700028 0.516549 -1.043884
v 0.669793 0.494586 -1.020122
v 0.684253 0.498551 -1.052994
v 0.668993 0.512584 -1.018304
v 0.683453 0.516549 -1.051175
vn 0.9153 0.0000 0.4027
vn -0.0442 0.9940 0.1004
vn -0.9153 -0.0000 -0.4027
vn 0.0442 -0.9940 -0.1004
vn -0.4002 -0.1097 0.9098
vn 0.4002 0.1097 -0.9098
usemtl None
s off
f 145//109 146//109 148//109 147//109
f 147//110 148//110 152//110 151//110
f 151//111 152//111 150//111 149//111
f 149//112 150//112 146//112 145//112
f 147//113 151//113 149//113 145//113
f 152//114 148//114 146//114 150//114
o Cube.981_Cube.022
v 0.905333 0.507058 -1.061616
v 0.918016 0.510996 -1.095216
v 0.904636 0.525057 -1.059769
v 0.917319 0.528995 -1.093369
v 0.888393 0.507058 -1.068010
v 0.901075 0.510996 -1.101610
v 0.887696 0.525057 -1.066163
v 0.900378 0.528995 -1.099764
vn 0.9356 0.0000 0.3531
vn -0.0385 0.9940 0.1020
vn -0.9356 0.0000 -0.3531
vn 0.0385 -0.9940 -0.1020
vn -0.3510 -0.1090 0.9300
vn 0.3510 0.1090 -0.9300
usemtl None
s off
f 153//115 154//115 156//115 155//115
f 155//116 156//116 160//116 159//116
f 159//117 160//117 158//117 157//117
f 157//118 158//118 154//118 153//118
f 155//119 159//119 157//119 153//119
f 160//120 156//120 154//120 158//120
o Cube.980_Cube.023
v 0.871305 0.498201 -0.986463
v 0.882441 0.502526 -1.020560
v 0.870632 0.516178 -0.984403
v 0.881768 0.520503 -1.018500
v 0.854092 0.498201 -0.992085
v 0.865228 0.502526 -1.026182
v 0.853419 0.516178 -0.990024
v 0.864555 0.520504 -1.024121
vn 0.9506 -0.0000 0.3105
vn -0.0372 0.9928 0.1138
vn -0.9506 0.0000 -0.3105
vn 0.0372 -0.9928 -0.1138
vn -0.3082 -0.1197 0.9437
vn 0.3082 0.1197 -0.9437
usemtl None
s off
f 161//121 162//121 164//121 163//121
f 163//122 164//122 168//122 167//122
f 167//123 168//123 166//123 165//123
f 165//124 166//124 162//124 161//124
f 163//125 167//125 165//125 161//125
f 168//126 164//126 162//126 166//126
o Cube.979_Cube.024
v 0.978841 0.504955 -1.015793
v 0.989181 0.509377 -1.050128
v 0.978202 0.522927 -1.013671
v 0.988542 0.527349 -1.048006
v 0.961503 0.504955 -1.021015
v 0.971843 0.509377 -1.055349
v 0.960864 0.522927 -1.018892
v 0.971204 0.527349 -1.053227
vn 0.9575 0.0000 0.2884
vn -0.0353 0.9925 0.1172
vn -0.9575 0.0000 -0.2884
vn 0.0353 -0.9925 -0.1172
vn -0.2862 -0.1224 0.9503
vn 0.2862 0.1224 -0.9503
usemtl None
s off
f 169//127 170//127 172//127 171//127
f 171//128 172//128 176//128 175//128
f 175//129 176//129 174//129 173//129
f 173//130 174//130 170//130 169//130
f 171//131 175//131 173//131 169//131
f 176//132 172//132 170//132 174//132
o Cube.978_Cube.025
v 0.836593 0.503769 -1.052654
v 0.849900 0.507706 -1.086012
v 0.835862 0.521768 -1.050821
v 0.849169 0.525706 -1.084179
v 0.819775 0.503769 -1.059364
v 0.833082 0.507706 -1.092721
v 0.819043 0.521768 -1.057531
v 0.832351 0.525706 -1.090889
vn 0.9288 0.0000 0.3705
vn -0.0404 0.9940 0.1012
vn -0.9288 0.0000 -0.3705
vn 0.0404 -0.9940 -0.1012
vn -0.3683 -0.1090 0.9233
vn 0.3683 0.1090 -0.9233
usemtl None
s off
f 177//133 178//133 180//133 179//133
f 179//134 180//134 184//134 183//134
f 183//135 184//135 182//135 181//135
f 181//136 182//136 178//136 177//136
f 179//137 183//137 181//137 177//137
f 184//138 180//138 178//138 182//138
o Cube.977_Cube.026
v 0.767846 0.495812 -0.996316
v 0.781324 0.499807 -1.029598
v 0.767095 0.513809 -0.994460
v 0.780573 0.517804 -1.027742
v 0.751063 0.495812 -1.003112
v 0.764541 0.499807 -1.036395
v 0.750311 0.513809 -1.001256
v 0.763789 0.517804 -1.034539
vn 0.9269 -0.0000 0.3753
vn -0.0415 0.9939 0.1025
vn -0.9269 0.0000 -0.3753
vn 0.0415 -0.9939 -0.1025
vn -0.3730 -0.1106 0.9212
vn 0.3730 0.1106 -0.9212
usemtl None
s off
f 185//139 186//139 188//139 187//139
f 187//140 188//140 192//140 191//140
f 191//141 192//141 190//141 189//141
f 189//142 190//142 186//142 185//142
f 187//143 191//143 189//143 185//143
f 192//144 188//144 186//144 190//144
o Cube.976_Cube.027
v 1.047252 0.513019 -1.071722
v 1.058556 0.516974 -1.105809
v 1.046628 0.531017 -1.069840
v 1.057932 0.534972 -1.103927
v 1.030065 0.513019 -1.077421
v 1.041369 0.516974 -1.111508
v 1.029441 0.531017 -1.075540
v 1.040745 0.534972 -1.109627
vn 0.9492 0.0000 0.3148
vn -0.0345 0.9940 0.1039
vn -0.9492 -0.0000 -0.3148
vn 0.0345 -0.9940 -0.1039
vn -0.3129 -0.1095 0.9435
vn 0.3129 0.1095 -0.9435
usemtl None
s off
f 193//145 194//145 196//145 195//145
f 195//146 196//146 200//146 199//146
f 199//147 200//147 198//147 197//147
f 197//148 198//148 194//148 193//148
f 195//149 199//149 197//149 193//149
f 200//150 196//150 194//150 198//150
o Cube.975_Cube.028
v 0.664409 0.486120 -0.935289
v 0.679469 0.490241 -0.967871
v 0.663542 0.504109 -0.933414
v 0.678602 0.508230 -0.965996
v 0.647972 0.486120 -0.942887
v 0.663032 0.490241 -0.975468
v 0.647106 0.504109 -0.941012
v 0.662166 0.508230 -0.973593
vn 0.9077 0.0000 0.4196
vn -0.0479 0.9935 0.1035
vn -0.9077 0.0000 -0.4196
vn 0.0479 -0.9935 -0.1035
vn -0.4168 -0.1141 0.9018
vn 0.4168 0.1141 -0.9018
usemtl None
s off
f 201//151 202//151 204//151 203//151
f 203//152 204//152 208//152 207//152
f 207//153 208//153 206//153 205//153
f 205//154 206//154 202//154 201//154
f 203//155 207//155 205//155 201//155
f 208//156 204//156 202//156 206//156
o Cube.974_Cube.029
v 0.841811 0.493238 -0.951016
v 0.851376 0.498022 -0.985527
v 0.841170 0.511186 -0.948706
v 0.850736 0.515970 -0.983216
v 0.824361 0.493238 -0.955853
v 0.833926 0.498022 -0.990363
v 0.823721 0.511186 -0.953543
v 0.833286 0.515970 -0.988053
vn 0.9637 0.0000 0.2671
vn -0.0354 0.9912 0.1276
vn -0.9637 0.0000 -0.2671
vn 0.0354 -0.9912 -0.1276
vn -0.2647 -0.1324 0.9552
vn 0.2647 0.1324 -0.9552
usemtl None
s off
f 209//157 210//157 212//157 211//157
f 211//158 212//158 216//158 215//158
f 215//159 216//159 214//159 213//159
f 213//160 214//160 210//160 209//160
f 211//161 215//161 213//161 209//161
f 216//162 212//162 210//162 214//162
o Cube.973_Cube.030
v -1.373166 0.389472 -0.926899
v -1.401158 0.393144 -0.949445
v -1.371733 0.407486 -0.925745
v -1.399725 0.411157 -0.948291
v -1.384525 0.389472 -0.912797
v -1.412516 0.393144 -0.935343
v -1.383092 0.407486 -0.911643
v -1.411083 0.411157 -0.934189
vn 0.6273 0.0000 -0.7788
vn 0.0791 0.9948 0.0637
vn -0.6273 0.0000 0.7788
vn -0.0791 -0.9948 -0.0637
vn 0.7748 -0.1016 0.6240
vn -0.7748 0.1016 -0.6240
usemtl None
s off
f 217//163 218//163 220//163 219//163
f 219//164 220//164 224//164 223//164
f 223//165 224//165 222//165 221//165
f 221//166 222//166 218//166 217//166
f 219//167 223//167 221//167 217//167
f 224//168 220//168 218//168 222//168
o Cube.972_Cube.031
v -1.524255 0.404560 -0.972728
v -1.550608 0.408348 -0.997151
v -1.522862 0.422568 -0.971438
v -1.549216 0.426356 -0.995861
v -1.536563 0.404560 -0.959447
v -1.562916 0.408348 -0.983870
v -1.535170 0.422568 -0.958157
v -1.561524 0.426356 -0.982580
vn 0.6797 0.0000 -0.7335
vn 0.0769 0.9945 0.0713
vn -0.6797 0.0000 0.7335
vn -0.0769 -0.9945 -0.0713
vn 0.7294 -0.1048 0.6760
vn -0.7294 0.1048 -0.6760
usemtl None
s off
f 225//169 226//169 228//169 227//169
f 227//170 228//170 232//170 231//170
f 231//171 232//171 230//171 229//171
f 229//172 230//172 226//172 225//172
f 227//173 231//173 229//173 225//173
f 232//174 228//174 226//174 230//174
o Cube.971_Cube.032
v -1.414907 0.394226 -0.950380
v -1.442861 0.397900 -0.972973
v -1.413476 0.412240 -0.949222
v -1.441429 0.415913 -0.971816
v -1.426290 0.394226 -0.936297
v -1.454243 0.397900 -0.958890
v -1.424858 0.412240 -0.935140
v -1.452811 0.415913 -0.957733
vn 0.6286 0.0000 -0.7777
vn 0.0791 0.9948 0.0639
vn -0.6286 0.0000 0.7777
vn -0.0791 -0.9948 -0.0639
vn 0.7737 -0.1017 0.6253
vn -0.7737 0.1017 -0.6253
usemtl None
s off
f 233//175 234//175 236//175 235//175
f 235//176 236//176 240//176 239//176
f 239//177 240//177 238//177 237//177
f 237//178 238//178 234//178 233//178
f 235//179 239//179 237//179 233//179
f 240//180 236//180 234//180 238//180
o Cube.970_Cube.033
v -1.430303 0.391556 -0.891884
v -1.448748 0.396130 -0.922612
v -1.429123 0.409518 -0.889919
v -1.447568 0.414091 -0.920647
v -1.445828 0.391556 -0.882565
v -1.464273 0.396130 -0.913293
v -1.444648 0.409518 -0.880600
v -1.463093 0.414091 -0.911328
vn 0.8574 0.0000 -0.5147
vn 0.0651 0.9920 0.1085
vn -0.8574 0.0000 0.5147
vn -0.0651 -0.9920 -0.1085
vn 0.5105 -0.1266 0.8505
vn -0.5105 0.1266 -0.8505
usemtl None
s off
f 241//181 242//181 244//181 243//181
f 243//182 244//182 248//182 247//182
f 247//183 248//183 246//183 245//183
f 245//184 246//184 242//184 241//184
f 243//185 247//185 245//185 241//185
f 248//186 244//186 242//186 246//186
o Cube.969_Cube.034
v -1.463066 0.401902 -1.018963
v -1.491503 0.405535 -1.040950
v -1.461626 0.419918 -1.017849
v -1.490063 0.423550 -1.039837
v -1.474141 0.401902 -1.004638
v -1.502579 0.405535 -1.026625
v -1.472701 0.419918 -1.003524
v -1.501139 0.423550 -1.025512
vn 0.6117 0.0000 -0.7911
vn 0.0795 0.9949 0.0615
vn -0.6117 -0.0000 0.7911
vn -0.0795 -0.9949 -0.0615
vn 0.7871 -0.1005 0.6086
vn -0.7871 0.1005 -0.6086
usemtl None
s off
f 249//187 250//187 252//187 251//187
f 251//188 252//188 256//188 255//188
f 255//189 256//189 254//189 253//189
f 253//190 254//190 250//190 249//190
f 251//191 255//191 253//191 249//191
f 256//192 252//192 250//192 254//192
o Cube.968_Cube.035
v -1.671070 0.420023 -1.031309
v -1.696634 0.423870 -1.056549
v -1.669698 0.438027 -1.029955
v -1.695261 0.441875 -1.055194
v -1.683792 0.420023 -1.018424
v -1.709356 0.423870 -1.043664
v -1.682420 0.438027 -1.017069
v -1.707983 0.441875 -1.042309
vn 0.7026 -0.0000 -0.7116
vn 0.0758 0.9943 0.0748
vn -0.7026 0.0000 0.7116
vn -0.0758 -0.9943 -0.0748
vn 0.7076 -0.1065 0.6986
vn -0.7076 0.1065 -0.6986
usemtl None
s off
f 257//193 258//193 260//193 259//193
f 259//194 260//194 264//194 263//194
f 263//195 264//195 262//195 261//195
f 261//196 262//196 258//196 257//196
f 259//197 263//197 261//197 257//197
f 264//198 260//198 258//198 262//198
o Cube.967_Cube.036
v -1.649575 0.415699 -0.990162
v -1.668710 0.420157 -1.020482
v -1.648383 0.433668 -0.988273
v -1.667518 0.438126 -1.018593
v -1.664888 0.415699 -0.980498
v -1.684023 0.420157 -1.010818
v -1.663696 0.433668 -0.978608
v -1.682831 0.438126 -1.008929
vn 0.8457 0.0000 -0.5337
vn 0.0659 0.9924 0.1043
vn -0.8457 0.0000 0.5337
vn -0.0659 -0.9924 -0.1043
vn 0.5296 -0.1234 0.8392
vn -0.5296 0.1234 -0.8392
usemtl None
s off
f 265//199 266//199 268//199 267//199
f 267//200 268//200 272//200 271//200
f 271//201 272//201 270//201 269//201
f 269//202 270//202 266//202 265//202
f 267//203 271//203 269//203 265//203
f 272//204 268//204 266//204 270//204
o Cube.966_Cube.037
v -1.451676 0.396188 -0.932755
v -1.476179 0.400119 -0.959014
v -1.450332 0.414188 -0.931315
v -1.474836 0.418119 -0.957573
v -1.464915 0.396188 -0.920402
v -1.489418 0.400119 -0.946660
v -1.463571 0.414188 -0.918962
v -1.488074 0.418119 -0.945220
vn 0.7311 0.0000 -0.6823
vn 0.0742 0.9941 0.0795
vn -0.7311 0.0000 0.6823
vn -0.0742 -0.9941 -0.0795
vn 0.6782 -0.1088 0.7268
vn -0.6782 0.1088 -0.7268
usemtl None
s off
f 273//205 274//205 276//205 275//205
f 275//206 276//206 280//206 279//206
f 279//207 280//207 278//207 277//207
f 277//208 278//208 274//208 273//208
f 275//209 279//209 277//209 273//209
f 280//210 276//210 274//210 278//210
o Cube.965_Cube.038
v -1.322892 0.391998 -1.045704
v -1.350523 0.395406 -1.068731
v -1.321580 0.410024 -1.044611
v -1.349211 0.413433 -1.067637
v -1.334484 0.391998 -1.031794
v -1.362116 0.395406 -1.054820
v -1.333172 0.410024 -1.030700
v -1.360803 0.413433 -1.053727
vn 0.6402 0.0000 -0.7682
vn 0.0725 0.9955 0.0604
vn -0.6402 0.0000 0.7682
vn -0.0725 -0.9955 -0.0604
vn 0.7648 -0.0943 0.6373
vn -0.7648 0.0943 -0.6373
usemtl None
s off
f 281//211 282//211 284//211 283//211
f 283//212 284//212 288//212 287//212
f 287//213 288//213 286//213 285//213
f 285//214 286//214 282//214 281//214
f 283//215 287//215 285//215 281//215
f 288//216 284//216 282//216 286//216
o Cube.964_Cube.039
v -1.440738 0.401204 -1.041326
v -1.469638 0.404800 -1.062709
v -1.439289 0.419222 -1.040254
v -1.468189 0.422818 -1.061637
v -1.451508 0.401204 -1.026770
v -1.480407 0.404800 -1.048152
v -1.450059 0.419222 -1.025698
v -1.478959 0.422818 -1.047080
vn 0.5948 0.0000 -0.8039
vn 0.0800 0.9950 0.0592
vn -0.5948 -0.0000 0.8039
vn -0.0800 -0.9950 -0.0592
vn 0.7999 -0.0995 0.5918
vn -0.7999 0.0995 -0.5918
usemtl None
s off
f 289//217 290//217 292//217 291//217
f 291//218 292//218 296//218 295//218
f 295//219 296//219 294//219 293//219
f 293//220 294//220 290//220 289//220
f 291//221 295//221 293//221 289//221
f 296//222 292//222 290//222 294//222
o Cube.963_Cube.040
v -1.588591 0.413523 -1.038951
v -1.616267 0.417214 -1.061881
v -1.587166 0.431536 -1.037771
v -1.614842 0.435227 -1.060700
v -1.600143 0.413523 -1.025008
v -1.627819 0.417214 -1.047937
v -1.598718 0.431536 -1.023827
v -1.626394 0.435227 -1.046757
vn 0.6380 -0.0000 -0.7701
vn 0.0787 0.9948 0.0652
vn -0.6380 0.0000 0.7701
vn -0.0787 -0.9948 -0.0652
vn 0.7660 -0.1022 0.6346
vn -0.7660 0.1022 -0.6346
usemtl None
s off
f 297//223 298//223 300//223 299//223
f 299//224 300//224 304//224 303//224
f 303//225 304//225 302//225 301//225
f 301//226 302//226 298//226 297//226
f 299//227 303//227 301//227 297//227
f 304//228 300//228 298//228 302//228
o Cube.962_Cube.041
v -1.645190 0.416232 -1.003626
v -1.667316 0.420369 -1.031886
v -1.643911 0.434220 -1.001993
v -1.666037 0.438357 -1.030254
v -1.659447 0.416232 -0.992463
v -1.681573 0.420369 -1.020723
v -1.658169 0.434220 -0.990830
v -1.680295 0.438357 -1.019091
vn 0.7874 -0.0000 -0.6165
vn 0.0706 0.9934 0.0902
vn -0.7874 0.0000 0.6165
vn -0.0706 -0.9934 -0.0902
vn 0.6124 -0.1145 0.7822
vn -0.6124 0.1145 -0.7822
usemtl None
s off
f 305//229 306//229 308//229 307//229
f 307//230 308//230 312//230 311//230
f 311//231 312//231 310//231 309//231
f 309//232 310//232 306//232 305//232
f 307//233 311//233 309//233 305//233
f 312//234 308//234 306//234 310//234
o Cube.961_Cube.042
v -1.300249 0.380094 -0.874602
v -1.324378 0.384188 -0.901179
v -1.298869 0.398085 -0.873082
v -1.322999 0.402179 -0.899660
v -1.313655 0.380094 -0.862430
v -1.337784 0.384188 -0.889007
v -1.312276 0.398085 -0.860911
v -1.336405 0.402179 -0.887488
vn 0.7404 0.0000 -0.6722
vn 0.0762 0.9936 0.0839
vn -0.7404 0.0000 0.6722
vn -0.0762 -0.9936 -0.0839
vn 0.6679 -0.1133 0.7356
vn -0.6679 0.1133 -0.7356
usemtl None
s off
f 313//235 314//235 316//235 315//235
f 315//236 316//236 320//236 319//236
f 319//237 320//237 318//237 317//237
f 317//238 318//238 314//238 313//238
f 315//239 319//239 317//239 313//239
f 320//240 316//240 314//240 318//240
o Cube.960_Cube.043
v -1.334246 0.390413 -1.003823
v -1.362586 0.393948 -1.025951
v -1.332849 0.408434 -1.002733
v -1.361189 0.411969 -1.024861
v -1.345389 0.390413 -0.989551
v -1.373730 0.393948 -1.011679
v -1.343993 0.408434 -0.988461
v -1.372333 0.411969 -1.010589
vn 0.6154 0.0000 -0.7882
vn 0.0771 0.9952 0.0602
vn -0.6154 0.0000 0.7882
vn -0.0771 -0.9952 -0.0602
vn 0.7844 -0.0978 0.6125
vn -0.7844 0.0978 -0.6125
usemtl None
s off
f 321//241 322//241 324//241 323//241
f 323//242 324//242 328//242 327//242
f 327//243 328//243 326//243 325//243
f 325//244 326//244 322//244 321//244
f 323//245 327//245 325//245 321//245
f 328//246 324//246 322//246 326//246
o Cube.959_Cube.044
v -1.338849 0.390081 -0.991591
v -1.367380 0.393648 -1.013469
v -1.337430 0.408100 -0.990503
v -1.365961 0.411667 -1.012381
v -1.349867 0.390081 -0.977222
v -1.378398 0.393648 -0.999099
v -1.348449 0.408100 -0.976134
v -1.376979 0.411667 -0.998012
vn 0.6085 0.0000 -0.7936
vn 0.0783 0.9951 0.0601
vn -0.6085 0.0000 0.7936
vn -0.0783 -0.9951 -0.0601
vn 0.7897 -0.0987 0.6055
vn -0.7897 0.0987 -0.6055
usemtl None
s off
f 329//247 330//247 332//247 331//247
f 331//248 332//248 336//248 335//248
f 335//249 336//249 334//249 333//249
f 333//250 334//250 330//250 329//250
f 331//251 335//251 333//251 329//251
f 336//252 332//252 330//252 334//252
o Cube.958_Cube.045
v -1.519999 0.404932 -0.985627
v -1.547550 0.408636 -1.008704
v -1.518576 0.422944 -0.984435
v -1.546126 0.426648 -1.007512
v -1.531626 0.404932 -0.971746
v -1.559177 0.408636 -0.994823
v -1.530203 0.422944 -0.970554
v -1.557754 0.426648 -0.993631
vn 0.6421 -0.0000 -0.7666
vn 0.0786 0.9947 0.0658
vn -0.6421 0.0000 0.7666
vn -0.0786 -0.9947 -0.0658
vn 0.7626 -0.1025 0.6387
vn -0.7626 0.1025 -0.6387
usemtl None
s off
f 337//253 338//253 340//253 339//253
f 339//254 340//254 344//254 343//254
f 343//255 344//255 342//255 341//255
f 341//256 342//256 338//256 337//256
f 339//257 343//257 341//257 337//257
f 344//258 340//258 338//258 342//258
o Cube.957_Cube.046
v -1.323254 0.380596 -0.856414
v -1.343258 0.385199 -0.886145
v -1.321966 0.398556 -0.854500
v -1.341970 0.403159 -0.884231
v -1.338277 0.380596 -0.846305
v -1.358281 0.385199 -0.876037
v -1.336989 0.398556 -0.844391
v -1.356994 0.403159 -0.874123
vn 0.8297 0.0000 -0.5582
vn 0.0711 0.9919 0.1057
vn -0.8297 0.0000 0.5582
vn -0.0711 -0.9919 -0.1057
vn 0.5537 -0.1274 0.8229
vn -0.5537 0.1274 -0.8229
usemtl None
s off
f 345//259 346//259 348//259 347//259
f 347//260 348//260 352//260 351//260
f 351//261 352//261 350//261 349//261
f 349//262 350//262 346//262 345//262
f 347//263 351//263 349//263 345//263
f 352//264 348//264 346//264 350//264
o Cube.956_Cube.047
v -1.392573 0.393527 -0.972739
v -1.420991 0.397163 -0.994751
v -1.391132 0.411543 -0.971623
v -1.419551 0.415179 -0.993635
v -1.403661 0.393527 -0.958424
v -1.432079 0.397163 -0.980435
v -1.402220 0.411543 -0.957308
v -1.430639 0.415179 -0.979320
vn 0.6123 0.0000 -0.7906
vn 0.0796 0.9949 0.0616
vn -0.6123 0.0000 0.7906
vn -0.0796 -0.9949 -0.0616
vn 0.7866 -0.1006 0.6092
vn -0.7866 0.1006 -0.6092
usemtl None
s off
f 353//265 354//265 356//265 355//265
f 355//266 356//266 360//266 359//266
f 359//267 360//267 358//267 357//267
f 357//268 358//268 354//268 353//268
f 355//269 359//269 357//269 353//269
f 360//270 356//270 354//270 358//270
o Cube.955_Cube.048
v -1.460584 0.401975 -1.024294
v -1.489110 0.405601 -1.046169
v -1.459143 0.419992 -1.023189
v -1.487668 0.423617 -1.045063
v -1.471603 0.401975 -1.009925
v -1.500128 0.405601 -1.031800
v -1.470161 0.419992 -1.008820
v -1.498687 0.423617 -1.030695
vn 0.6085 0.0000 -0.7935
vn 0.0796 0.9950 0.0611
vn -0.6085 0.0000 0.7935
vn -0.0796 -0.9950 -0.0611
vn 0.7895 -0.1003 0.6055
vn -0.7895 0.1003 -0.6054
usemtl None
s off
f 361//271 362//271 364//271 363//271
f 363//272 364//272 368//272 367//272
f 367//273 368//273 366//273 365//273
f 365//274 366//274 362//274 361//274
f 363//275 367//275 365//275 361//275
f 368//276 364//276 362//276 366//276
o Cube.954_Cube.049
v -1.334989 0.387131 -0.942947
v -1.362926 0.390762 -0.965566
v -1.333574 0.405147 -0.941802
v -1.361512 0.408778 -0.964421
v -1.346383 0.387131 -0.928874
v -1.374321 0.390762 -0.951493
v -1.344968 0.405147 -0.927729
v -1.372906 0.408778 -0.950348
vn 0.6293 0.0000 -0.7772
vn 0.0781 0.9949 0.0632
vn -0.6293 0.0000 0.7772
vn -0.0781 -0.9949 -0.0632
vn 0.7733 -0.1005 0.6261
vn -0.7733 0.1005 -0.6261
usemtl None
s off
f 369//277 370//277 372//277 371//277
f 371//278 372//278 376//278 375//278
f 375//279 376//279 374//279 373//279
f 373//280 374//280 370//280 369//280
f 371//281 375//281 373//281 369//281
f 376//282 372//282 370//282 374//282
o Cube.953_Cube.050
v -1.498326 0.400687 -0.945038
v -1.521290 0.404751 -0.972633
v -1.497023 0.418679 -0.943472
v -1.519987 0.422743 -0.971067
v -1.512245 0.400687 -0.933455
v -1.535208 0.404751 -0.961050
v -1.510942 0.418679 -0.931890
v -1.533906 0.422743 -0.959485
vn 0.7687 -0.0000 -0.6397
vn 0.0720 0.9937 0.0865
vn -0.7687 0.0000 0.6397
vn -0.0720 -0.9937 -0.0865
vn 0.6356 -0.1125 0.7638
vn -0.6356 0.1125 -0.7638
usemtl None
s off
f 377//283 378//283 380//283 379//283
f 379//284 380//284 384//284 383//284
f 383//285 384//285 382//285 381//285
f 381//286 382//286 378//286 377//286
f 379//287 383//287 381//287 377//287
f 384//288 380//288 378//288 382//288
o Cube.952_Cube.051
v -1.425876 0.392223 -0.905223
v -1.447124 0.396464 -0.934135
v -1.424618 0.410206 -0.903510
v -1.445865 0.414447 -0.932422
v -1.440467 0.392223 -0.894500
v -1.461715 0.396464 -0.923412
v -1.439209 0.410206 -0.892787
v -1.460456 0.414447 -0.921699
vn 0.8058 0.0000 -0.5922
vn 0.0695 0.9931 0.0946
vn -0.8058 -0.0000 0.5922
vn -0.0695 -0.9931 -0.0946
vn 0.5881 -0.1174 0.8002
vn -0.5881 0.1174 -0.8002
usemtl None
s off
f 385//289 386//289 388//289 387//289
f 387//290 388//290 392//290 391//290
f 391//291 392//291 390//291 389//291
f 389//292 390//292 386//292 385//292
f 387//293 391//293 389//293 385//293
f 392//294 388//294 386//294 390//294
o Cube.951_Cube.052
v -1.361778 0.390765 -0.969513
v -1.390403 0.394386 -0.991258
v -1.360333 0.408782 -0.968416
v -1.388958 0.412402 -0.990161
v -1.372731 0.390765 -0.955095
v -1.401357 0.394386 -0.976839
v -1.371287 0.408782 -0.953997
v -1.399912 0.412402 -0.975742
vn 0.6049 0.0000 -0.7963
vn 0.0798 0.9950 0.0606
vn -0.6049 -0.0000 0.7963
vn -0.0798 -0.9950 -0.0606
vn 0.7923 -0.1002 0.6019
vn -0.7923 0.1002 -0.6019
usemtl None
s off
f 393//295 394//295 396//295 395//295
f 395//296 396//296 400//296 399//296
f 399//297 400//297 398//297 397//297
f 397//298 398//298 394//298 393//298
f 395//299 399//299 397//299 393//299
f 400//300 396//300 394//300 398//300
o Cube.950_Cube.053
v -1.487300 0.402385 -0.989501
v -1.515166 0.406064 -1.012201
v -1.485871 0.420398 -0.988337
v -1.513737 0.424077 -1.011037
v -1.498736 0.402385 -0.975462
v -1.526602 0.406064 -0.998162
v -1.497307 0.420398 -0.974298
v -1.525173 0.424077 -0.996998
vn 0.6316 0.0000 -0.7753
vn 0.0789 0.9948 0.0643
vn -0.6316 0.0000 0.7753
vn -0.0789 -0.9948 -0.0643
vn 0.7713 -0.1018 0.6283
vn -0.7713 0.1018 -0.6283
usemtl None
s off
f 401//301 402//301 404//301 403//301
f 403//302 404//302 408//302 407//302
f 407//303 408//303 406//303 405//303
f 405//304 406//304 402//304 401//304
f 403//305 407//305 405//305 401//305
f 408//306 404//306 402//306 406//306
o Cube.949_Cube.054
v -1.294453 0.380505 -0.887113
v -1.320767 0.384270 -0.911582
v -1.293071 0.398514 -0.885829
v -1.319386 0.402279 -0.910297
v -1.306783 0.380505 -0.873853
v -1.333098 0.384270 -0.898321
v -1.305402 0.398514 -0.872568
v -1.331716 0.402279 -0.897037
vn 0.6810 0.0000 -0.7323
vn 0.0763 0.9946 0.0709
vn -0.6810 -0.0000 0.7323
vn -0.0763 -0.9946 -0.0709
vn 0.7283 -0.1042 0.6772
vn -0.7283 0.1042 -0.6772
usemtl None
s off
f 409//307 410//307 412//307 411//307
f 411//308 412//308 416//308 415//308
f 415//309 416//309 414//309 413//309
f 413//310 414//310 410//310 409//310
f 411//311 415//311 413//311 409//311
f 416//312 412//312 410//312 414//312
o Cube.948_Cube.055
v -1.625680 0.415781 -1.022647
v -1.652844 0.419515 -1.046173
v -1.624265 0.433791 -1.021422
v -1.651430 0.437526 -1.044948
v -1.637534 0.415781 -1.008959
v -1.664699 0.419515 -1.032485
v -1.636119 0.433791 -1.007734
v -1.663284 0.437526 -1.031260
vn 0.6547 0.0000 -0.7559
vn 0.0781 0.9946 0.0677
vn -0.6547 0.0000 0.7559
vn -0.0781 -0.9946 -0.0677
vn 0.7519 -0.1034 0.6512
vn -0.7519 0.1034 -0.6512
usemtl None
s off
f 417//313 418//313 420//313 419//313
f 419//314 420//314 424//314 423//314
f 423//315 424//315 422//315 421//315
f 421//316 422//316 418//316 417//316
f 419//317 423//317 421//317 417//317
f 424//318 420//318 418//318 422//318
o Cube.947_Cube.056
v -1.577211 0.407227 -0.950490
v -1.594811 0.411890 -0.981697
v -1.576063 0.425183 -0.948454
v -1.593662 0.429846 -0.979661
v -1.592983 0.407227 -0.941596
v -1.610583 0.411890 -0.972802
v -1.591835 0.425183 -0.939560
v -1.609434 0.429846 -0.970766
vn 0.8710 0.0000 -0.4912
vn 0.0634 0.9916 0.1124
vn -0.8710 0.0000 0.4912
vn -0.0634 -0.9916 -0.1124
vn 0.4871 -0.1291 0.8637
vn -0.4871 0.1291 -0.8637
usemtl None
s off
f 425//319 426//319 428//319 427//319
f 427//320 428//320 432//320 431//320
f 431//321 432//321 430//321 429//321
f 429//322 430//322 426//322 425//322
f 427//323 431//323 429//323 425//323
f 432//324 428//324 426//324 430//324
o Cube.946_Cube.057
v -1.373166 0.389472 -0.926899
v -1.401158 0.393144 -0.949445
v -1.371733 0.407486 -0.925745
v -1.399725 0.411157 -0.948291
v -1.384525 0.389472 -0.912797
v -1.412516 0.393144 -0.935343
v -1.383092 0.407486 -0.911643
v -1.411083 0.411157 -0.934189
vn 0.6273 0.0000 -0.7788
vn 0.0791 0.9948 0.0637
vn -0.6273 0.0000 0.7788
vn -0.0791 -0.9948 -0.0637
vn 0.7748 -0.1016 0.6240
vn -0.7748 0.1016 -0.6240
usemtl None
s off
f 433//325 434//325 436//325 435//325
f 435//326 436//326 440//326 439//326
f 439//327 440//327 438//327 437//327
f 437//328 438//328 434//328 433//328
f 435//329 439//329 437//329 433//329
f 440//330 436//330 434//330 438//330
o Cube.945_Cube.058
v -1.691090 0.292944 0.044604
v -1.721762 0.298700 0.026398
v -1.688609 0.310820 0.046077
v -1.719281 0.316576 0.027870
v -1.700333 0.292944 0.060175
v -1.731004 0.298700 0.041969
v -1.697852 0.310820 0.061647
v -1.728523 0.316576 0.043441
vn 0.5104 0.0000 -0.8599
vn 0.1370 0.9872 0.0813
vn -0.5104 -0.0000 0.8599
vn -0.1370 -0.9872 -0.0813
vn 0.8489 -0.1593 0.5039
vn -0.8489 0.1593 -0.5039
usemtl None
s off
f 441//331 442//331 444//331 443//331
f 443//332 444//332 448//332 447//332
f 447//333 448//333 446//333 445//333
f 445//334 446//334 442//334 441//334
f 443//335 447//335 445//335 441//335
f 448//336 444//336 442//336 446//336
o Cube.944_Cube.059
v -1.441508 0.270065 -0.107429
v -1.471422 0.275690 -0.126892
v -1.439145 0.287951 -0.105891
v -1.469059 0.293576 -0.125355
v -1.451383 0.270065 -0.092251
v -1.481297 0.275690 -0.111715
v -1.449020 0.287951 -0.090714
v -1.478935 0.293576 -0.110177
vn 0.5454 0.0000 -0.8382
vn 0.1305 0.9878 0.0849
vn -0.5454 0.0000 0.8382
vn -0.1305 -0.9878 -0.0849
vn 0.8280 -0.1557 0.5387
vn -0.8280 0.1557 -0.5387
usemtl None
s off
f 449//337 450//337 452//337 451//337
f 451//338 452//338 456//338 455//338
f 455//339 456//339 454//339 453//339
f 453//340 454//340 450//340 449//340
f 451//341 455//341 453//341 449//341
f 456//342 452//342 450//342 454//342
o Cube.943_Cube.060
v -1.774621 0.315898 -0.081186
v -1.805006 0.321899 -0.099790
v -1.772056 0.333754 -0.079616
v -1.802441 0.339755 -0.098220
v -1.784076 0.315898 -0.065744
v -1.814461 0.321899 -0.084348
v -1.781511 0.333754 -0.064173
v -1.811896 0.339755 -0.082777
vn 0.5222 0.0000 -0.8528
vn 0.1417 0.9861 0.0867
vn -0.5222 0.0000 0.8528
vn -0.1417 -0.9861 -0.0867
vn 0.8410 -0.1661 0.5149
vn -0.8410 0.1661 -0.5149
usemtl None
s off
f 457//343 458//343 460//343 459//343
f 459//344 460//344 464//344 463//344
f 463//345 464//345 462//345 461//345
f 461//346 462//346 458//346 457//346
f 459//347 463//347 461//347 457//347
f 464//348 460//348 458//348 462//348
o Cube.942_Cube.061
v -1.533146 0.270359 0.043915
v -1.564027 0.275752 0.025953
v -1.530810 0.288263 0.045274
v -1.561691 0.293657 0.027312
v -1.542250 0.270359 0.059567
v -1.573131 0.275752 0.041605
v -1.539914 0.288263 0.060926
v -1.570795 0.293657 0.042964
vn 0.5028 0.0000 -0.8644
vn 0.1290 0.9888 0.0751
vn -0.5028 -0.0000 0.8644
vn -0.1290 -0.9888 -0.0751
vn 0.8547 -0.1493 0.4972
vn -0.8547 0.1493 -0.4972
usemtl None
s off
f 465//349 466//349 468//349 467//349
f 467//350 468//350 472//350 471//350
f 471//351 472//351 470//351 469//351
f 469//352 470//352 466//352 465//352
f 467//353 471//353 469//353 465//353
f 472//354 468//354 466//354 470//354
o Cube.941_Cube.062
v -1.385952 0.272948 -0.228116
v -1.412845 0.279301 -0.251391
v -1.383545 0.290773 -0.226032
v -1.410438 0.297126 -0.249308
v -1.397802 0.272948 -0.214424
v -1.424695 0.279301 -0.237700
v -1.395394 0.290773 -0.212341
v -1.422288 0.297126 -0.235616
vn 0.6544 -0.0000 -0.7561
vn 0.1330 0.9844 0.1151
vn -0.6544 0.0000 0.7561
vn -0.1330 -0.9844 -0.1151
vn 0.7444 -0.1758 0.6442
vn -0.7444 0.1758 -0.6442
usemtl None
s off
f 473//355 474//355 476//355 475//355
f 475//356 476//356 480//356 479//356
f 479//357 480//357 478//357 477//357
f 477//358 478//358 474//358 473//358
f 475//359 479//359 477//359 473//359
f 480//360 476//360 474//360 478//360
o Cube.940_Cube.063
v -1.763558 0.296789 0.120893
v -1.794495 0.302565 0.103149
v -1.761047 0.314663 0.122334
v -1.791984 0.320440 0.104589
v -1.772567 0.296789 0.136600
v -1.803504 0.302565 0.118856
v -1.770056 0.314663 0.138041
v -1.800993 0.320440 0.120297
vn 0.4975 0.0000 -0.8674
vn 0.1387 0.9871 0.0795
vn -0.4975 0.0000 0.8674
vn -0.1387 -0.9871 -0.0795
vn 0.8563 -0.1599 0.4911
vn -0.8563 0.1599 -0.4911
usemtl None
s off
f 481//361 482//361 484//361 483//361
f 483//362 484//362 488//362 487//362
f 487//363 488//363 486//363 485//363
f 485//364 486//364 482//364 481//364
f 483//365 487//365 485//365 481//365
f 488//366 484//366 482//366 486//366
o Cube.939_Cube.064
v -1.371208 0.260362 -0.112369
v -1.401060 0.265885 -0.131957
v -1.368894 0.278257 -0.110851
v -1.398746 0.283779 -0.130438
v -1.381141 0.260362 -0.097230
v -1.410994 0.265885 -0.116817
v -1.378827 0.278257 -0.095712
